BARON 19.12.7 (2019.12.07): 35720 iterations, CPU time limit reached.
Objective 5.492075347
solve_result_num = 402
solve_result = limit
tolerance = 0.1

card(figures) = 20

coords [*,*,1]
:       1          2          3        :=
1    3.75409    4.171      4.74971
2    4.171      3.41148    3.2279
3    5.17116    4.99208    4.22959
4    2.72381    3.22785    2.22786
5    5.17096    4.1749     4.74971
6    2.83954    3.03061    2.08501
7    3.62438    4.37286    3.4243
8    2.50014    2.75895    3.46606
9    1.47274    2.43866    2.17984
10   1.90576    1.61211    0.931086
11   0          0.866025   0
12   0.965926   0          0.258821
13   2.54035    1.84986    1.56867
14   0.98608    0.637035   0
15   4.49208    5.49208    4.99208
16   1.2006     0.493498   1.45942
17   1.21151    1.91861    2.17743
18   0.767817   0.938745   1.70656
19   3.08696    4.05285    3.34566
20   0.902653   0.643834   1.60976

 [*,*,2]
:        1           2          3        :=
1    2.66396      3.5729     2.75737
2    3.57291      2.92242    3.90542
3    1.84986      0.866026   1.51304
4    4.76904      3.90536    3.90069
5    1.85043      1.93909    2.75737
6    0.00767527   0.989251   0.663938
7    0.0294442    0.692606   1.00922
8    1.97563      2.94156    2.23445
9    2.22289      2.48171    1.51578
10   0.739458     1.69537    0.963108
11   5.49208      4.99208    4.49208
12   3.01562      2.7568     3.72273
13   4.44782      5.17116    4.21151
14   2.64739      1.71029    2.48112
15   0            0          0.866025
16   3.22333      3.93044    4.18926
17   3.25261      2.5455     3.51143
18   4.42597      5.41125    4.77058
19   1.19087      1.44981    2.15683
20   2.42341      1.45748    1.7163
;

R = 5.49208

distances [*,1,*]
:    1   2   3    :=
1    0   1   0
2    0   1   0
3    0   1   0
4    0   1   0
5    0   1   0
6    0   1   0
7    0   1   0
8    0   1   0
9    0   1   0
10   0   1   0
11   0   1   0
12   0   1   0
13   0   1   0
14   0   1   0
15   0   1   0
16   0   1   0
17   0   1   0
18   0   1   0
19   0   1   0
20   0   1   0

 [*,2,*]
:    1   2   3    :=
1    0   0   1
2    0   0   1
3    0   0   1
4    0   0   1
5    0   0   1
6    0   0   1
7    0   0   1
8    0   0   1
9    0   0   1
10   0   0   1
11   0   0   1
12   0   0   1
13   0   0   1
14   0   0   1
15   0   0   1
16   0   0   1
17   0   0   1
18   0   0   1
19   0   0   1
20   0   0   1

 [*,3,*]
:    1   2   3    :=
1    1   0   0
2    1   0   0
3    1   0   0
4    1   0   0
5    1   0   0
6    1   0   0
7    1   0   0
8    1   0   0
9    1   0   0
10   1   0   0
11   1   0   0
12   1   0   0
13   1   0   0
14   1   0   0
15   1   0   0
16   1   0   0
17   1   0   0
18   1   0   0
19   1   0   0
20   1   0   0
;

_ampl_time = 0.0624004
_total_solve_time = 499.936
_ampl_elapsed_time = 96.065
_ampl_user_time = 0.0312002

Total time elapsed: $499.94.
_total_solve_time = 499.936