
Adjusted problem:
4531 variables:
	3661 nonlinear variables
	870 linear variables
4965 constraints; 28470 nonzeros
	3225 nonlinear constraints
	1740 linear constraints
	960 equality constraints
	4005 inequality constraints
1 linear objective; 1 nonzero.

BARON 19.3.22 (2019.03.22): epsa = 0.8
epsr = 0.8
maxtime = 3600
maxiter = -1
prfreq = 50
filter 
barstats 
keepsol 
wantsol= 4
threads=4
nlpsol = 1
 Estimated remaining time for local search is 195 secs
 Estimated remaining time for local search is 147 secs
BARON 19.3.22 (2019.03.22): 127 iterations, CPU time limit reached.
Objective 5.027236129
Retaining scratch directory "/var/lib/condor/execute/dir_25302/baron_tmp25311".
Objective lower bound = 0, upper bound = 5.0272361288
barstatus = 4, modelstatus = 4
max nodes in memory = 64
optimum found at node 1
Baron run time (excluding setup) = 3600.01 seconds
solve_result_num = 402
solve_result = limit
tolerance = 0.0001

card(figures) = 30

coords [*,*,1]
:        1          2          3        :=
1    3.03113     4.00598    3.32555
2    1.72745     1.47598    2.43991
3    1.23472     0.527617   0.268798
4    1.04235     0.160181   1.00911
5    3.52822     4.00598    4.5279
6    2.15313     2.86019    1.89425
7    3.90924     3.80136    4.71627
8    4.31202     4.01081    3.33561
9    2.24891     1.70232    2.70083
10   0           0.866025   0
11   0.866025    0          0
12   2.18667     2.78891    3.17915
13   1.89413     1.1868     2.15265
14   3.58401     3.84282    2.8769
15   3.25637     3.78838    2.78908
16   3.74024     2.74026    3.24509
17   0.809802    1.77527    1.06691
18   2.08346     2.4737     1.48122
19   0.852048    1.55916    1.81797
20   2.67794     1.78284    1.84425
21   0.995042    0.411388   0
22   4.96752     4.71632    4.00366
23   1.22713     0.261206   0.968312
24   1.90078     1.01861    1.05185
25   1.3242      2.32208    1.76674
26   0.0090539   0.97498    0.267873
27   3.38121     2.38191    2.91392
28   2.08371     2.47395    3.07619
29   0.995264    0.411611   1.40665
30   4.02445     4.51851    5.02443

 [*,*,2]
:        1            2           3        :=
1    2.81445      3.03731     3.77012
2    0.570184     1.53805     1.27189
3    2.95003      3.65714     2.69121
4    2.01066      1.53973     1.01122
5    2.15882      3.03731     2.18432
6    2.73517      2.02802     1.76926
7    1.15014      2.1443      1.74065
8    0.953558     0           0.737634
9    2.85684      3.69425     3.7489
10   0.600131     1.10013     1.60013
11   3.85285      4.35285     3.35285
12   0.908133     1.70645     0.785736
13   1.76933      2.47622     2.73534
14   0.792565     1.75849     1.49967
15   2.59072      1.74397     1.70662
16   0.0044385    0.0100287   0.873245
17   0.261773     0.522302    1.22816
18   0.920712     0           0.122397
19   3.8673       3.1602      4.12612
20   4.25462      4.70049     3.70237
21   4.92778      4.11578     5.02724
22   0.77258      1.74052     1.03901
23   2.94773      2.68892     1.98181
24   1.7649       1.29396     2.29341
25   2.68153      2.74666     3.57828
26   1.71603      1.97485     2.68195
27   2.82727      2.78991     1.94317
28   0.920712     0           0.798316
29   4.92773      4.11573     4.01627
30   0.00260515   0.872033    0.0094511
;

R = 5.02724

distances [*,1,*]
:    1   2   3    :=
1    0   1   0
2    0   1   0
3    0   1   0
4    0   1   0
5    0   1   0
6    0   1   0
7    0   1   0
8    0   1   0
9    0   1   0
10   0   1   0
11   0   1   0
12   0   1   0
13   0   1   0
14   0   1   0
15   0   1   0
16   0   1   0
17   0   1   0
18   0   1   0
19   0   1   0
20   0   1   0
21   0   1   0
22   0   1   0
23   0   1   0
24   0   1   0
25   0   1   0
26   0   1   0
27   0   1   0
28   0   1   0
29   0   1   0
30   0   1   0

 [*,2,*]
:    1   2   3    :=
1    0   0   1
2    0   0   1
3    0   0   1
4    0   0   1
5    0   0   1
6    0   0   1
7    0   0   1
8    0   0   1
9    0   0   1
10   0   0   1
11   0   0   1
12   0   0   1
13   0   0   1
14   0   0   1
15   0   0   1
16   0   0   1
17   0   0   1
18   0   0   1
19   0   0   1
20   0   0   1
21   0   0   1
22   0   0   1
23   0   0   1
24   0   0   1
25   0   0   1
26   0   0   1
27   0   0   1
28   0   0   1
29   0   0   1
30   0   0   1

 [*,3,*]
:    1   2   3    :=
1    1   0   0
2    1   0   0
3    1   0   0
4    1   0   0
5    1   0   0
6    1   0   0
7    1   0   0
8    1   0   0
9    1   0   0
10   1   0   0
11   1   0   0
12   1   0   0
13   1   0   0
14   1   0   0
15   1   0   0
16   1   0   0
17   1   0   0
18   1   0   0
19   1   0   0
20   1   0   0
21   1   0   0
22   1   0   0
23   1   0   0
24   1   0   0
25   1   0   0
26   1   0   0
27   1   0   0
28   1   0   0
29   1   0   0
30   1   0   0
;

_ampl_time = 0.043536
_total_solve_time = 3600.14
_ampl_elapsed_time = 0.035222
_ampl_user_time = 0.029362

Total time elapsed: $3600.14.
